0 0.0 0.0 0.0477097406983 0.0123426187783 -0.0365025289357 -0.0462253727019 0.00310593657196 0.0 0.0 0.0 0.0 0.0 0.0 0.0 0.0 0.0 0.0 0.0 0.0 0.0 0.0477097406983 -0.0123426187783 0.0365025289357 0.0462253727019 0.00310593657196 0.0
1 0.0 0.0 0.0228663831949 0.0118840970099 -0.0199478436261 -0.0452773682773 0.000787518103607 0.0 0.0 0.0 -0.00805348437279 0.0125276427716 -0.0062638213858 0.0 0.0 0.0 -0.00805348437279 0.0125276427716 -0.0062638213858 0.0 0.0228663831949 -0.0118840970099 0.0199478436261 0.0452773682773 0.000787518103607 0.0
2 0.0 0.0 0.0591607242823 0.0206295046955 -0.058039560914 -0.0747031271458 0.000199677218916 0.0 0.0 0.0 -0.0304142776877 0.0473111011088 -0.0236555505544 0.0 0.0 0.0 -0.0304142776877 0.0473111011088 -0.0236555505544 0.0 0.0591607242823 -0.0206295046955 0.058039560914 0.0747031271458 0.000199677218916 0.0
3 0.0 0.0 0.139754220843 0.0376999862492 -0.138578861952 -0.131887584925 5.06286669406e-05 0.0 0.0 0.0 -0.0643828958273 0.10015116632 -0.0500755831599 0.0 0.0 0.0 -0.0643828958273 0.10015116632 -0.0500755831599 0.0 0.139754220843 -0.0376999862492 0.138578861952 0.131887584925 5.06286669406e-05 0.0
4 0.0 0.0 0.254108428955 0.0615684352815 -0.252248495817 -0.211801365018 1.28370265884e-05 0.0 0.0 0.0 -0.107259832323 0.166848629713 -0.0834243148565 0.0 0.0 0.0 -0.107259832323 0.166848629713 -0.0834243148565 0.0 0.254108428955 -0.0615684352815 0.252248495817 0.211801365018 1.28370265884e-05 0.0
5 0.0 0.0 0.423341631889 0.0967988744378 -0.420309185982 -0.329744666815 2.47369393946e-06 0.0 0.0 0.0 -0.166670247912 0.259264826775 -0.129632413387 0.0 0.0 0.0 -0.166670247912 0.259264826775 -0.129632413387 0.0 0.423341631889 -0.0967988744378 0.420309185982 0.329744666815 2.47369393946e-06 0.0
6 0.0 0.0 0.581042528152 0.129612669349 -0.576890170574 -0.439595639706 6.27211420579e-07 0.0 0.0 0.0 -0.219643250108 0.3416672647 -0.17083363235 0.0 0.0 0.0 -0.219643250108 0.3416672647 -0.17083363235 0.0 0.581042528152 -0.129612669349 0.576890170574 0.439595639706 6.27211420579e-07 0.0
7 0.0 0.0 0.744911253452 0.163706928492 -0.739590108395 -0.5537327528 1.5903104611e-07 0.0 0.0 0.0 -0.272886276245 0.424489736557 -0.212244868279 0.0 0.0 0.0 -0.272886276245 0.424489736557 -0.212244868279 0.0 0.744911253452 -0.163706928492 0.739590108395 0.5537327528 1.5903104611e-07 0.0
8 0.0 0.0 0.906542778015 0.197334989905 -0.900067567825 -0.666309118271 4.03227282675e-08 0.0 0.0 0.0 -0.323699653149 0.5035328269 -0.25176641345 0.0 0.0 0.0 -0.323699653149 0.5035328269 -0.25176641345 0.0 0.906542778015 -0.197334989905 0.900067567825 0.666309118271 4.03227282675e-08 0.0
9 0.0 0.0 1.05753684044 0.228749722242 -1.04998326302 -0.77147603035 1.02239310351e-08 0.0 0.0 0.0 -0.369384080172 0.574597477913 -0.287298738956 0.0 0.0 0.0 -0.369384080172 0.574597477913 -0.287298738956 0.0 1.05753684044 -0.228749722242 1.04998326302 0.77147603035 1.02239310351e-08 0.0
10 0.0 0.0 1.21286273003 0.26106569171 -1.20419979095 -0.879659891129 1.97015115333e-09 0.0 0.0 0.0 -0.41363415122 0.643430888653 -0.321715444326 0.0 0.0 0.0 -0.41363415122 0.643430888653 -0.321715444326 0.0 1.21286273003 -0.26106569171 1.20419979095 0.879659891129 1.97015115333e-09 0.0
11 0.0 0.0 1.31089103222 0.281460732222 -1.30152785778 -0.947936117649 4.99536856324e-10 0.0 0.0 0.0 -0.438532441854 0.682161569595 -0.341080784798 0.0 0.0 0.0 -0.438532441854 0.682161569595 -0.341080784798 0.0 1.31089103222 -0.281460732222 1.30152785778 0.947936117649 4.99536856324e-10 0.0
12 0.0 0.0 1.37140619755 0.294051080942 -1.36161088943 -0.990084707737 1.26658822319e-10 0.0 0.0 0.0 -0.449663370848 0.69947630167 -0.349738150835 0.0 0.0 0.0 -0.449663370848 0.69947630167 -0.349738150835 0.0 1.37140619755 -0.294051080942 1.36161088943 0.990084707737 1.26658822319e-10 0.0
13 0.0 0.0 1.3927500248 0.298491626978 -1.38280189037 -1.00495040417 3.21146685633e-11 0.0 2.8388610321e-17 -1.36784250593e-09 -0.433503478765 0.739494740963 -0.385991275311 7.25952742364e-10 2.8388610321e-17 -1.36784250593e-09 -0.433503478765 0.739494740963 -0.385991275311 7.25952742364e-10 1.3927500248 -0.298491626978 1.38280189037 1.00495040417 3.21146685633e-11 0.0
14 0.0 0.0 1.39860296249 0.299709349871 -1.3886128664 -1.00902700424 6.18849502892e-12 0.0 8.74862942655e-18 -6.06010663873e-09 -0.340478658676 0.84850358963 -0.508824944496 4.36824271199e-10 8.74862942655e-18 -6.06010663873e-09 -0.340478658676 0.84850358963 -0.508824944496 4.36824271199e-10 1.39860296249 -0.299709349871 1.3886128664 1.00902700424 6.18849502892e-12 0.0
15 0.0 0.0 1.39964580536 0.299926310778 -1.38964831829 -1.00975334644 1.5691087752e-12 0.0 2.46828254603e-18 -5.98463234525e-09 -0.338036775589 0.84725433588 -0.509217560291 -2.19653906175e-10 2.46828254603e-18 -5.98463234525e-09 -0.338036775589 0.84725433588 -0.509217560291 -2.19653906175e-10 1.39964580536 -0.299926310778 1.38964831829 1.00975334644 1.5691087752e-12 0.0
16 0.0 0.0 1.39991021156 0.299981325865 -1.38991081715 -1.0099375248 3.97851565061e-13 0.0 5.5671039288e-16 0.0050284108147 -0.3380394876 0.84726023674 -0.509220778942 -0.00502838566899 5.5671039288e-16 0.0050284108147 -0.3380394876 0.84726023674 -0.509220778942 -0.00502838566899 1.39991021156 -0.299981325865 1.38991081715 1.0099375248 3.97851565061e-13 0.0
17 0.0 0.0 1.39997708797 0.299995243549 -1.38997745514 -1.00998413563 1.0087627077e-13 0.0 -5.87438270635e-15 0.013097314164 -0.338017314672 0.847215473652 -0.509198129177 -0.0130972927436 -5.87438270635e-15 0.0130973132327 -0.338017314672 0.847215473652 -0.509198129177 -0.0130972927436 1.39997708797 -0.299995243549 1.38997745514 1.00998413563 1.0087627077e-13 0.0
18 0.0 0.0 1.3999941349 0.299998790026 -1.38999426365 -1.00999593735 2.55774337799e-14 0.0 1.98499833378e-14 0.0253955051303 -0.337958842516 0.847096502781 -0.509137690067 -0.0253954976797 1.98499833378e-14 0.025395501405 -0.337958842516 0.847096502781 -0.509137690067 -0.0253954976797 1.3999941349 -0.299998790026 1.38999426365 1.00999593735 2.55774337799e-14 0.0
19 0.0 0.0 1.39999854565 0.299999684095 -1.38999855518 -1.00999903679 6.48522390439e-15 0.0 9.70231111164e-14 0.0452508106828 -0.337804347277 0.846780598164 -0.508976280689 -0.0452508255839 9.70231111164e-14 0.0452508106828 -0.337804347277 0.846780598164 -0.508976280689 -0.0452508255839 1.39999854565 -0.299999684095 1.38999855518 1.00999903679 6.48522390439e-15 0.0
20 0.0 0.0 1.39999973774 0.299999952316 -1.38999974728 -1.00999975204 1.24970245774e-15 0.0 -4.01887637752e-12 0.0837116539478 -0.335553735495 0.844289541245 -0.508735835552 -0.083711668849 -4.01887637752e-12 0.0837116017938 -0.33555367589 0.844289362431 -0.508735716343 -0.0837116539478 1.39999973774 -0.299999952316 1.38999974728 1.00999975204 1.24970245774e-15 0.0
21 0.0 0.0 1.40410768986 0.299140065908 -1.39088797569 -1.00538122654 3.16865231749e-16 0.0 -5.90123006017e-10 0.129736632109 -0.328373938799 0.837054908276 -0.508680939674 -0.129736676812 -5.90123006017e-10 0.129736617208 -0.328374028206 0.83705508709 -0.508680999279 -0.129736661911 1.40410768986 -0.299140065908 1.39088797569 1.00538122654 3.16865231749e-16 0.0
22 0.0 0.0 1.44143176079 0.291326582432 -1.39895761013 -0.96341496706 8.0341981637e-17 0.0 -9.7207841776e-10 0.178899586201 -0.318228513002 0.826156973839 -0.507928490639 -0.178899586201 -9.7207841776e-10 0.178899586201 -0.318228155375 0.826156258583 -0.507928073406 -0.178899586201 1.44143176079 -0.291326582432 1.39895761013 0.96341496706 8.0341981637e-17 0.0
23 0.0 0.0 1.50204324722 0.278577029705 -1.41952574253 -0.88360875845 2.03709140796e-17 0.0 -3.88284249198e-09 0.229507490993 -0.403211981058 0.969596862793 -0.566384911537 -0.22950746119 -3.88284249198e-09 0.200397223234 -0.312140345573 0.826615273952 -0.514474987984 -0.200397223234 1.51473701 -0.276250004768 1.41633450985 0.877899229527 2.03709140796e-17 0.0
24 0.0 0.0 1.58621203899 0.271464794874 -1.45734369755 -0.764107644558 3.9254741052e-18 0.0 -3.03990743689e-09 0.325599759817 -0.58154296875 1.17240023613 -0.590857386589 -0.325599730015 -3.03990743689e-09 0.186505973339 -0.305826276541 0.841007530689 -0.535181343555 -0.186505958438 1.60101115704 -0.259069770575 1.45077741146 0.757009506226 3.9254741052e-18 0.0
25 0.0 0.0 1.65857207775 0.271611094475 -1.48848700523 -0.665207386017 9.95313964246e-19 0.0 -7.78142350555e-09 0.334119141102 -0.522176146507 0.946421086788 -0.424244940281 -0.334119141102 -7.78142350555e-09 0.139413535595 -0.294764727354 0.86359333992 -0.568828642368 -0.139413580298 1.67046904564 -0.253932148218 1.48032772541 0.660549640656 9.95313964246e-19 0.0
26 0.0 0.0 1.72611546516 0.273664325476 -1.50687909126 -0.588696956635 2.52364403837e-19 0.0 -6.6223853068e-09 0.255196034908 -0.454141020775 0.81757992506 -0.363438993692 -0.255196005106 -6.6223853068e-09 0.037264700979 -0.276197016239 0.901870906353 -0.625673770905 -0.0372647084296 1.73312962055 -0.256721407175 1.49981379509 0.586852967739 2.52364403837e-19 0.0
27 0.0 0.0 1.77006912231 0.274890333414 -1.50894486904 -0.550224661827 6.39876419586e-20 0.0 -2.0816792734e-10 0.0947750508785 -0.461288452148 0.937626779079 -0.476338326931 -0.094775095582 -2.0816792734e-10 -0.126370251179 -0.179348349571 0.808148086071 -0.6287997365 0.126370236278 1.77662956715 -0.265385299921 1.5056180954 0.551934659481 6.39876419586e-20 0.0
28 0.0 0.0 1.78266048431 0.272194027901 -1.50383615494 -0.531783103943 1.62242300617e-20 0.0 -8.40370883992e-10 -0.0326642729342 -0.40211635828 0.917963564396 -0.51584726572 0.0326642841101 -8.40370883992e-10 -0.227497637272 -0.211850136518 0.883145451546 -0.671295285225 0.227497592568 1.81441938877 -0.274288594723 1.50761127472 0.539022922516 1.62242300617e-20 0.0
29 0.0 0.0 1.77140057087 0.268733352423 -1.49847233295 -0.522305369377 4.11369520202e-21 0.0 4.63871430156e-09 -0.0916198939085 -0.326221853495 0.849872171879 -0.523650228977 0.0916198417544 4.63871430156e-09 -0.153516665101 -0.564460277557 1.23980438709 -0.675344109535 0.153516709805 1.85766875744 -0.277189999819 1.50841403008 0.531429350376 4.11369520202e-21 0.0
30 0.0 0.0 1.74669742584 0.266016244888 -1.49502968788 -0.518525660038 7.92708930851e-22 0.0 -1.68330749339e-09 -0.0824479013681 -0.262327671051 0.834691405296 -0.572363734245 0.0824478790164 -1.68330749339e-09 -0.0127479769289 -0.505746304989 0.875078678131 -0.369332432747 0.0127479564399 1.90377235413 -0.271488904953 1.50549018383 0.525591135025 7.92708930851e-22 0.0
