-8.57E-11 -0.04888223112 -0.2254578173 0.8272618055 -0.601804018 0.04888223112 -8.57E-11 0.01698645204 -0.4858288765 0.9125906825 -0.4267617762 -0.01698644459
-7.75E-10 0.01553431898 -0.1412409544 0.7726284862 -0.6313874722 -0.01553437021 -7.75E-10 0.08127104491 -0.4196597636 0.8984540701 -0.4787943363 -0.08127098531
-2.93E-09 0.1574678123 -0.4671342373 1.205322266 -0.7381879687 -0.1574677825 -2.93E-09 0.09674760699 -0.3506500125 0.8543720841 -0.5037220716 -0.09674759954
-1.25E-09 0.250120312 -0.5269530416 0.954764545 -0.4278114438 -0.250120312 -1.25E-09 0.05679475144 -0.3076430559 0.8593536019 -0.5517104864 -0.05679475889
1.08E-09 0.1335316598 -0.4785681963 0.8983736634 -0.4198054671 -0.1335316747 1.08E-09 -0.08639147878 -0.2310374826 0.8393301368 -0.6082926393 0.08639149368
-3.79E-09 -0.007749864832 -0.4426032007 0.9443275332 -0.5017243028 0.007749881595 -3.79E-09 -0.2254118621 -0.1023391485 0.6879811883 -0.5856420398 0.2254118323
8.01E-09 -0.08513867855 -0.3561739624 0.865689218 -0.5095152259 0.08513864875 8.01E-09 -0.2132769227 -0.4553475976 1.18009913 -0.7247515321 0.2132768929
-2.53E-09 -0.1005374417 -0.2871649563 0.8371385336 -0.5499736071 0.1005375013 -2.53E-09 -0.04866746441 -0.5550755858 0.9730976224 -0.4180220366 0.04866747186
-2.52E-10 -0.0488743186 -0.2254580408 0.8272619843 -0.6018039584 0.04887435585 -2.52E-10 0.01699386537 -0.4858285785 0.912588954 -0.4267603457 -0.01699384302
5.95E-11 0.01553770062 -0.1412407756 0.7726276517 -0.6313868761 -0.01553769782 5.95E-11 0.08127393574 -0.419659853 0.8984528184 -0.4787929952 -0.08127393574
4.27E-09 0.157471478 -0.4671341777 1.205321312 -0.7381871343 -0.1574714482 4.27E-09 0.09675275534 -0.3506503999 0.8543712497 -0.5037208796 -0.09675271809
-4.26E-09 0.2501242459 -0.5269522667 0.954762578 -0.4278103411 -0.2501242459 -4.26E-09 0.05679967254 -0.3076445758 0.859355092 -0.551710546 -0.05679971725
6.09E-09 0.1637100577 -0.4796351194 0.8763406873 -0.3967055082 -0.1637100577 6.09E-09 -0.05557638407 -0.2519181967 0.8572375178 -0.6053192616 0.05557636544
3.20E-10 -0.007745048031 -0.442602694 0.9443257451 -0.5017231107 0.007745048031 3.20E-10 -0.2254063487 -0.1023426056 0.6879870892 -0.5856445432 0.2254063338
-4.74E-09 -0.08513117582 -0.3561738133 0.8656882644 -0.5095145106 0.08513121307 -4.74E-09 -0.2132706493 -0.4553492069 1.180101156 -0.7247520089 0.2132706791
2.41E-10 -0.1038149074 -0.2977210581 0.8386861086 -0.5409650207 0.1038148925 2.41E-10 -0.07241947949 -0.5797975063 1.056284904 -0.4764874578 0.07241947949
1.12E-09 -0.06328190863 -0.2397984415 0.831248343 -0.5914498568 0.06328194588 1.12E-09 0.002499147318 -0.4964842498 0.9090180993 -0.4125338495 -0.002499105409
-2.10E-10 0.006169646978 -0.1594057083 0.789031446 -0.6296257973 -0.006169639528 -2.10E-10 0.07201524079 -0.4341433346 0.9061110616 -0.4719676673 -0.07201519609
3.18E-09 0.1234557629 -0.3995377719 1.145033002 -0.7454952002 -0.1234557629 3.18E-09 0.09769167006 -0.361591965 0.8584504724 -0.4968584478 -0.09769167006
1.92E-09 0.2501250803 -0.5269529223 0.9547631145 -0.4278101921 -0.25012514 1.92E-09 0.05680111796 -0.3076424301 0.8593546748 -0.5517122149 -0.05680110306
5.49E-09 0.1637101173 -0.4796360433 0.8763416409 -0.396705538 -0.1637100875 5.49E-09 -0.05557698011 -0.2519158423 0.857236445 -0.6053206325 0.05557694659
-9.64E-10 0.01572120376 -0.4543037117 0.9461827874 -0.491879046 -0.01572117023 -9.64E-10 -0.2030644715 -0.1308680326 0.7269698977 -0.5961018801 0.2030644715
3.67E-09 -0.07453443855 -0.37140131 0.8784543872 -0.5070530772 0.0745344907 3.67E-09 -0.2292360663 -0.3771660626 1.095616341 -0.7184503078 0.2292361408
-5.69E-10 -0.1046989486 -0.3081579506 0.8407632709 -0.5326052904 0.1046989784 -5.69E-10 -0.1003046781 -0.5934026241 1.13634479 -0.5429421067 0.1003047377
-1.52E-09 -0.06328475475 -0.2397998422 0.8312490582 -0.5914492607 0.0632847622 -1.52E-09 0.002496941946 -0.4964858294 0.9090188146 -0.4125330448 -0.00249696523
5.49E-10 0.006167065352 -0.1594075859 0.7890328169 -0.6296252012 -0.006167047657 5.49E-10 0.07201205939 -0.4341457784 0.9061130881 -0.4719673097 -0.07201206684
-2.35E-11 0.1234535575 -0.3995367587 1.14503324 -0.7454965115 -0.1234535798 -2.35E-11 0.097690247 -0.3615905344 0.8584492803 -0.4968587458 -0.09769018739
5.03E-09 0.2463240623 -0.5513116121 1.054174542 -0.5028629303 -0.2463240772 5.03E-09 0.06997140497 -0.315415591 0.8558086157 -0.5403930545 -0.06997140497
-2.08E-11 0.1916114688 -0.4792754352 0.8523631096 -0.373087734 -0.1916114241 -2.08E-11 -0.02685730346 -0.2692721486 0.8684187531 -0.5991466045 0.02685725875
1.63E-09 0.015718868 -0.4543039203 0.9461826086 -0.4918786585 -0.01571887732 1.63E-09 -0.2030661553 -0.1308680177 0.7269691229 -0.5961011052 0.2030661404
